True
8018.37037037
22.2222222222
327
240
Results: ----------------------------
upper_right:	324.945
upper_right_25:	2.925
upper_right_50:	46.89
upper_right_75:	113.58
dist_upper_right:	1046.15384191
dist_upper_right_25:	4.28713957078
dist_upper_right_50:	76.2105930208
dist_upper_right_75:	253.951365361
speed_upper_right:	3.2194797332
speed_upper_right_25:	1.46568874215
speed_upper_right_50:	1.62530588656
speed_upper_right_75:	2.23588101216
upper_right_num_bout:	31
seconds in bout:	4.725
upper_right_distance_bout:	356.307644184
upper_right_lap_bout:
1	1	1	3	1	1	5	6	19	1	3	5	5	1	1	1	1	3	1	2	2	4	4	1	2	1	1	4	1	1	22
----------------------------
upper_left:	351.18
upper_left_25:	1.755
upper_left_50:	55.98
upper_left_75:	78.435
dist_upper_left:	604.945876962
dist_upper_left_25:	10.2233501778
dist_upper_left_50:	99.9105414851
dist_upper_left_75:	179.511442708
speed_upper_left:	1.72260913766
speed_upper_left_25:	5.82527075658
speed_upper_left_50:	1.78475422446
speed_upper_left_75:	2.28866504377
upper_left_num_bout:	35
seconds in bout:	5.805
upper_left_distance_bout:	157.138853364
upper_left_lap_bout:
8	1	6	1	2	5	1	4	1	1	3	3	1	1	5	12	2	7	2	1	4	6	22	2	3	2	1	1	1	2	1	1	1	4	11
----------------------------
lower_left:	389.295
lower_left_25:	4.32
lower_left_50:	13.14
lower_left_75:	81.09
dist_lower_left:	1211.08431734
dist_lower_left_25:	16.6801432242
dist_lower_left_50:	118.742597562
dist_lower_left_75:	436.611444771
speed_lower_left:	3.1109680765
speed_lower_left_25:	3.86114426486
speed_lower_left_50:	9.03672736391
speed_lower_left_75:	5.38428221447
lower_left_num_bout:	132
seconds in bout:	21.51
lower_left_distance_bout:	355.649211424
lower_left_lap_bout:
1	3	3	1	1	3	5	1	4	4	13	1	2	2	1	5	2	1	4	3	8	3	8	7	1	4	2	1	3	8	3	8	1	8	5	5	4	13	3	10	1	1	1	3	3	3	2	1	2	1	2	2	2	5	2	1	6	1	4	2	2	1	1	10	1	1	1	4	2	3	3	1	2	2	12	4	3	5	13	7	2	6	3	4	2	2	3	2	3	2	8	2	1	9	10	2	7	16	1	1	3	1	4	1	1	2	4	1	2	4	8	11	2	2	2	6	6	1	1	5	4	2	2	2	1	2	1	5	1	2	3	12
----------------------------
lower_right:	381.645
lower_right_25:	1.98
lower_right_50:	27.27
lower_right_75:	77.4
dist_lower_right:	1166.07858916
dist_lower_right_25:	32.8968177617
dist_lower_right_50:	152.035595503
dist_lower_right_75:	356.603345953
speed_lower_right:	3.05540119525
speed_lower_right_25:	16.6145544251
speed_lower_right_50:	5.57519602137
speed_lower_right_75:	4.60727837148
lower_right_num_bout:	97
seconds in bout:	14.85
lower_right_distance_bout:	491.24931872
lower_right_lap_bout:
2	4	5	1	4	1	1	2	1	3	3	2	8	3	2	1	4	1	1	11	6	1	1	3	1	6	1	2	4	2	3	5	4	3	1	1	3	1	9	1	1	1	3	1	3	14	1	1	1	1	6	2	5	2	5	1	8	4	2	4	1	2	7	1	1	9	8	3	3	1	1	7	1	4	9	1	2	1	4	10	1	3	3	1	1	3	1	5	1	2	1	1	4	12	2	2	27
