True
8018.37037037
22.2222222222
327
240
Results: ----------------------------
upper_right:	324.945
upper_right_25:	2.925
upper_right_50:	46.89
upper_right_75:	113.58
dist_upper_right:	1046.15384191
dist_upper_right_25:	4.28713957078
dist_upper_right_50:	76.2105930208
dist_upper_right_75:	253.951365361
speed_upper_right:	3.2194797332
speed_upper_right_25:	1.46568874215
speed_upper_right_50:	1.62530588656
speed_upper_right_75:	2.23588101216
upper_right_num_bout:	12
seconds in bout:	2.655
upper_right_distance_bout:	299.087878934
upper_right_lap_bout:
1	3	4	17	1	3	3	1	2	2	2	20
----------------------------
upper_left:	351.18
upper_left_25:	1.755
upper_left_50:	55.98
upper_left_75:	78.435
dist_upper_left:	604.945876962
dist_upper_left_25:	10.2233501778
dist_upper_left_50:	99.9105414851
dist_upper_left_75:	179.511442708
speed_upper_left:	1.72260913766
speed_upper_left_25:	5.82527075658
speed_upper_left_50:	1.78475422446
speed_upper_left_75:	2.28866504377
upper_left_num_bout:	15
seconds in bout:	3.285
upper_left_distance_bout:	117.191057329
upper_left_lap_bout:
6	4	3	2	1	1	3	10	5	2	4	20	1	2	9
----------------------------
lower_left:	389.295
lower_left_25:	4.32
lower_left_50:	13.14
lower_left_75:	81.09
dist_lower_left:	1211.08431734
dist_lower_left_25:	16.6801432242
dist_lower_left_50:	118.742597562
dist_lower_left_75:	436.611444771
speed_lower_left:	3.1109680765
speed_lower_left_25:	3.86114426486
speed_lower_left_50:	9.03672736391
speed_lower_left_75:	5.38428221447
lower_left_num_bout:	65
seconds in bout:	11.205
lower_left_distance_bout:	211.087927339
lower_left_lap_bout:
1	1	1	3	2	2	11	3	2	1	6	1	6	5	2	1	6	1	6	6	3	3	2	11	1	8	1	1	1	3	4	2	8	2	1	1	10	2	1	3	11	5	4	1	2	1	1	6	7	8	5	14	1	2	2	2	6	9	4	4	3	2	3	1	10
----------------------------
lower_right:	381.645
lower_right_25:	1.98
lower_right_50:	27.27
lower_right_75:	77.4
dist_lower_right:	1166.07858916
dist_lower_right_25:	32.8968177617
dist_lower_right_50:	152.035595503
dist_lower_right_75:	356.603345953
speed_lower_right:	3.05540119525
speed_lower_right_25:	16.6145544251
speed_lower_right_50:	5.57519602137
speed_lower_right_75:	4.60727837148
lower_right_num_bout:	45
seconds in bout:	7.83
lower_right_distance_bout:	385.71442597
lower_right_lap_bout:
2	3	2	1	1	6	1	2	9	4	1	4	2	1	3	2	1	1	7	1	1	12	4	3	3	6	2	2	5	7	6	1	1	5	2	7	2	8	1	1	1	3	2	10	25
